1677119975.4376438	1677119978.6463342	0
1677119981.6494038	1677119985.2255611	1
1677119988.2286346	1677119992.3016925	2
1677119995.304767	1677119998.9790301	3
1677120001.9821029	1677120005.7136514	4
1677120008.7167318	1677120012.6806643	5
1677120015.6812131	1677120020.3154292	6
1677120023.3185163	1677120026.5861356	7
1677120029.5892286	1677120033.3116832	8
1677120036.3147616	1677120047.6629207	9
1677120050.665993	1677120054.7725484	10
1677120057.775629	1677120062.2066514	11
1677120065.2097213	1677120068.9839077	12
1677120071.986984	1677120076.0976572	13
1677120079.1007318	1677120084.018993	14
1677120087.0220683	1677120090.7506857	15
1677120093.7537646	1677120096.938658	16
1677120099.9412155	1677120103.223377	17
1677120106.2264533	1677120124.6681204	18
1677120127.6705008	1677120131.507314	19
1677120134.5103958	1677120139.2901757	20
1677120142.2932465	1677120161.8579829	21
1677120164.8610542	1677120168.7973073	22
1677120171.8003812	1677120175.6471174	23
1677120178.6501882	1677120183.280968	24
1677120186.2840304	1677120189.9717095	25
1677120192.9747894	1677120197.1643238	26
1677120200.167403	1677120204.4604316	27
1677120207.4635105	1677120211.7654428	28
1677120214.7685149	1677120220.390987	29
1677120223.3940575	1677120226.887179	30
1677120229.890244	1677120234.5808868	31
1677120237.5839603	1677120241.3763838	32
1677120244.3794525	1677120251.0977447	33
1677120254.1008124	1677120260.0624785	34
1677120263.0655437	1677120266.3354037	35
1677120269.3384824	1677120273.9162245	36
1677120276.9193068	1677120281.3314753	37
1677120284.3345468	1677120288.8435884	38
1677120291.846662	1677120295.380299	39
1677120298.383376	1677120302.1472642	40
1677120305.150342	1677120308.946461	41
1677120311.9495301	1677120315.7316468	42
1677120318.734715	1677120329.5368276	43
1677120332.5399046	1677120337.292344	44
1677120340.2954216	1677120344.1931682	45
1677120347.1962583	1677120352.5777807	46
1677120355.5808597	1677120359.800574	47
1677120362.8036416	1677120367.1682382	48
1677120370.1713061	1677120373.6742013	49
1677120376.6772745	1677120380.3672736	50
1677120383.3703442	1677120387.2957292	51
1677120390.2988076	1677120406.6061184	52
1677120409.6092064	1677120413.750481	53
1677120416.7535527	1677120428.7331514	54
1677120431.7362325	1677120435.301644	55
1677120438.3047178	1677120442.0809057	56
1677120445.0839643	1677120448.5798013	57
1677120451.582881	1677120454.9236612	58
1677120457.9267266	1677120461.5060823	59
1677120464.5091567	1677120468.4607096	60
1677120471.463788	1677120475.5892124	61
1677120478.5922809	1677120482.9719007	62
1677120485.9749744	1677120489.7207856	63
1677120492.7238514	1677120496.926954	64
1677120499.9300199	1677120504.0769885	65
1677120507.0800698	1677120510.300225	66
1677120513.3032963	1677120521.6165802	67
1677120524.619658	1677120528.2558737	68
1677120531.2589438	1677120535.2852485	69
1677120538.2883222	1677120542.4819336	70
1677120545.4850023	1677120549.6721072	71
1677120552.6732154	1677120556.1699336	72
1677120559.1730058	1677120562.817748	73
1677120565.8208237	1677120569.8204818	74
1677120572.8235486	1677120576.7971113	75
1677120579.800177	1677120583.003094	76
1677120586.0061677	1677120590.0727384	77
1677120593.0757992	1677120600.4082522	78
1677120603.4113245	1677120607.2784653	79
1677120610.2815397	1677120614.5054064	80
1677120617.508476	1677120621.414098	81
1677120624.4171689	1677120629.071272	82
1677120632.0743423	1677120635.7779632	83
1677120638.781042	1677120642.3045044	84
1677120645.3075776	1677120648.8784997	85
1677120651.8812041	1677120664.526847	86
1677120667.529213	1677120671.5763156	87
1677120674.5793812	1677120678.5001748	88
1677120681.5012116	1677120692.9164975	89
1677120695.919567	1677120699.70375	90
1677120702.7068224	1677120706.5304801	91
1677120709.5335467	1677120713.8236659	92
1677120716.8267403	1677120721.5230448	93
1677120724.5261118	1677120733.6680613	94
1677120736.671129	1677120740.2259092	95
1677120743.2289798	1677120747.327413	96
1677120750.330492	1677120769.668337	97
1677120772.671396	1677120776.9693797	98
1677120779.9724538	1677120783.4565885	99
1677120786.4596565	1677120790.6039045	100
1677120793.6069741	1677120805.8986993	101
1677120808.9017746	1677120812.9646351	102
1677120815.9677062	1677120819.382675	103
1677120822.3857412	1677120826.3174217	104
1677120829.3204865	1677120833.2941437	105
1677120836.2972057	1677120840.1403255	106
1677120843.1434023	1677120846.6885343	107
1677120849.6915953	1677120853.6494884	108
1677120856.6525574	1677120864.996563	109
1677120867.9996426	1677120871.4689534	110
1677120874.4720237	1677120878.2429793	111
1677120881.2460463	1677120885.0819762	112
1677120888.0850437	1677120891.9679434	113
1677120894.9710152	1677120898.7901893	114
1677120901.7932541	1677120905.6297784	115
1677120908.6328485	1677120912.4585714	116
1677120915.4616401	1677120919.9095852	117
1677120922.9126532	1677120926.7576559	118
1677120929.7607324	1677120933.2484062	119
1677120936.2514849	1677120940.783729	120
1677120943.7868052	1677120948.9919841	121
1677120951.9950645	1677120955.7850873	122
1677120958.7881703	1677120962.9186304	123
1677120965.9216952	1677120969.3867555	124
1677120972.3898184	1677120976.2753403	125
1677120979.2784164	1677120983.1354272	126
1677120986.1385021	1677120990.1035717	127
1677120993.10664	1677120997.0952134	128
1677121000.098288	1677121004.9106314	129
1677121007.9136972	1677121012.6056488	130
1677121015.6087177	1677121019.3868124	131
1677121022.3898764	1677121026.4393396	132
1677121029.4424126	1677121033.3255525	133
1677121036.328622	1677121061.9962463	134
1677121064.9993277	1677121070.3516805	135
1677121073.3547504	1677121076.6126566	136
1677121079.6157289	1677121083.1091328	137
1677121086.1122034	1677121090.0414903	138
1677121093.0445616	1677121096.605424	139
1677121099.6084976	1677121103.347585	140
1677121106.3506525	1677121110.130498	141
1677121113.133575	1677121130.6800773	142
1677121133.683143	1677121138.740061	143
1677121141.7412167	1677121145.2938373	144
1677121148.2969117	1677121152.6136382	145
1677121155.6167026	1677121159.1843693	146
1677121162.1874397	1677121165.4384341	147
1677121168.4415054	1677121171.8034117	148
1677121174.8052175	1677121178.5257523	149
1677121181.528822	1677121185.218402	150
1677121188.2214653	1677121192.6275032	151
1677121195.6305761	1677121199.5766122	152
1677121202.5796914	1677121206.2876298	153
1677121209.2906947	1677121213.6331475	154
1677121216.6362245	1677121220.1303174	155
1677121223.1333818	1677121230.35956	156
1677121233.3626268	1677121236.9473822	157
1677121239.950458	1677121258.8001404	158
1677121261.8032098	1677121266.5185776	159
1677121269.5216498	1677121272.9182825	160
1677121275.9213552	1677121279.8507378	161
1677121282.853811	1677121289.5697894	162
1677121292.572864	1677121297.0484393	163
1677121300.0515132	1677121304.0008943	164
1677121307.0039668	1677121311.9888637	165
1677121314.9919393	1677121319.734256	166
1677121322.737328	1677121328.1274018	167
1677121331.1304803	1677121335.4957063	168
1677121338.498774	1677121342.0311203	169
1677121345.0341845	1677121350.5362165	170
1677121353.539295	1677121357.367072	171
1677121360.3701448	1677121384.9409983	172
1677121387.9440758	1677121392.8664787	173
1677121395.8695476	1677121399.741968	174
1677121402.7450395	1677121407.6743739	175
1677121410.6774461	1677121414.4686303	176
1677121417.4717033	1677121421.1791217	177
1677121424.1821935	1677121427.6102421	178
1677121430.6133158	1677121435.6635327	179
1677121438.6666067	1677121443.3946588	180
1677121446.3977323	1677121450.255455	181
1677121453.258527	1677121456.757289	182
1677121459.7603574	1677121463.4303637	183
1677121466.4334354	1677121470.106301	184
1677121473.1092079	1677121478.4101481	185
1677121481.4132133	1677121485.0410748	186
1677121488.0441527	1677121492.2481966	187
1677121495.2512696	1677121500.8551254	188
1677121503.8581965	1677121523.2100725	189
1677121526.213142	1677121529.7325125	190
1677121532.7355957	1677121537.3660526	191
1677121540.3691285	1677121544.5114446	192
1677121547.5145216	1677121551.2717829	193
1677121554.2748601	1677121561.4070685	194
1677121564.4101453	1677121568.0363474	195
1677121571.037219	1677121574.607811	196
1677121577.610878	1677121581.9730513	197
1677121584.9761217	1677121588.1866984	198
1677121591.1897707	1677121594.7792096	199
1677121597.7822824	1677121602.1228771	200
1677121605.1259625	1677121610.062032	201
1677121613.065103	1677121617.2382395	202
1677121620.2413173	1677121624.0919712	203
1677121627.0950506	1677121631.461056	204
1677121634.4641418	1677121638.6959112	205
1677121641.6989796	1677121646.5434182	206
1677121649.546491	1677121654.6632233	207
1677121657.6662946	1677121661.3715281	208
1677121664.374606	1677121668.8675535	209
1677121671.870759	1677121675.5949986	210
1677121678.5980616	1677121682.2749584	211
1677121685.2780302	1677121689.8458345	212
1677121692.848903	1677121701.4584398	213
1677121704.4615066	1677121709.0920758	214
1677121712.093215	1677121716.3059728	215
1677121719.309051	1677121722.5070786	216
1677121725.5101478	1677121729.69943	217
1677121732.7017093	1677121737.3767767	218
1677121740.3798497	1677121744.4054158	219
1677121747.4084947	1677121751.4825635	220
1677121754.4856355	1677121765.1674523	221
1677121768.1705317	1677121771.7002616	222
1677121774.7033284	1677121778.2763748	223
1677121781.2794495	1677121792.7136266	224
1677121795.7166984	1677121814.4853477	225
1677121817.4884117	1677121822.372368	226
1677121825.375442	1677121836.5698435	227
1677121839.5729177	1677121843.5287306	228
1677121846.5318034	1677121850.9293385	229
1677121853.9324086	1677121858.1310947	230
1677121861.1341684	1677121864.6913183	231
1677121867.6943848	1677121870.984576	232
1677121873.9876492	1677121877.841432	233
1677121880.8444998	1677121885.3751216	234
1677121888.3781972	1677121892.2658336	235
1677121895.2689137	1677121898.6558442	236
1677121901.6589184	1677121905.180773	237
1677121908.1838431	1677121911.7577631	238
1677121914.7608368	1677121927.1017976	239
1677121930.104867	1677121934.6399395	240
1677121937.643012	1677121941.2565432	241
1677121944.259617	1677121956.4913151	242
1677121959.4943845	1677121963.110565	243
1677121966.1136355	1677121969.7880495	244
1677121972.79112	1677121976.746442	245
1677121979.7495077	1677121983.4763424	246
1677121986.4794168	1677121991.2585845	247
1677121994.261641	1677122000.714381	248
1677122003.717442	1677122010.114906	249
1677122013.1179743	1677122018.0963252	250
1677122021.0993905	1677122024.8427744	251
1677122027.8458402	1677122031.2364333	252
1677122034.2395065	1677122037.8549771	253
1677122040.8572302	1677122045.5484536	254
1677122048.5515218	1677122064.9386375	255
1677122067.9417112	1677122072.2603083	256
1677122075.263378	1677122079.1506824	257
1677122082.1537535	1677122100.9835923	258
1677122103.986667	1677122108.2327788	259
1677122111.2358503	1677122114.9736152	260
1677122117.9766874	1677122122.2199135	261
1677122125.2229867	1677122136.0846565	262
1677122139.0875857	1677122143.0030732	263
1677122146.006138	1677122149.8280766	264
1677122152.8311408	1677122156.3922703	265
1677122159.3953426	1677122163.387106	266
1677122166.3901794	1677122169.8687134	267
1677122172.8717782	1677122177.3240438	268
1677122180.3271184	1677122186.4504647	269
1677122189.4535375	1677122208.8450518	270
1677122211.848123	1677122215.766521	271
1677122218.7695913	1677122222.825318	272
1677122225.828389	1677122229.668471	273
1677122232.6715412	1677122236.9356012	274
1677122239.938678	1677122243.6800203	275
1677122246.680964	1677122250.5951638	276
1677122253.5982366	1677122257.299709	277
1677122260.3027859	1677122265.3696804	278
1677122268.3727553	1677122272.0979464	279
1677122275.1010096	1677122279.2054033	280
1677122282.2084856	1677122286.3023498	281
1677122289.305424	1677122293.582169	282
1677122296.5852463	1677122300.806532	283
1677122303.8095994	1677122307.02312	284
1677122310.0261936	1677122313.7568831	285
1677122316.759967	1677122321.8622234	286
1677122324.8652906	1677122328.7195222	287
1677122331.722592	1677122350.2688868	288
1677122353.2719545	1677122357.2582126	289
1677122360.2612772	1677122363.5249536	290
1677122366.5280197	1677122370.2496953	291
1677122373.2527692	1677122378.2726126	292
1677122381.2756796	1677122400.063161	293
1677122403.0662367	1677122407.1248188	294
1677122410.1278923	1677122413.4192002	295
1677122416.4222727	1677122419.9250834	296
1677122422.9281483	1677122426.555479	297
1677122429.558553	1677122432.8055797	298
1677122435.8086455	1677122439.4713974	299
1677122442.474464	1677122446.2552278	300
1677122449.2583032	1677122464.6075828	301
1677122467.6106575	1677122471.823907	302
1677122474.8269894	1677122478.4108725	303
1677122481.413941	1677122496.611375	304
1677122499.614443	1677122503.2689135	305
1677122506.2699614	1677122510.6249385	306
1677122513.6280086	1677122517.5088246	307
1677122520.5119035	1677122539.4608855	308
1677122542.4639637	1677122546.3379395	309
1677122549.3410149	1677122555.1173174	310
1677122558.1203947	1677122561.7339325	311
1677122564.7370074	1677122568.8640668	312
1677122571.8671389	1677122576.22705	313
1677122579.2301285	1677122583.4222758	314
1677122586.4253607	1677122590.156405	315
1677122593.159477	1677122596.9513679	316
1677122599.9544437	1677122603.5723655	317
1677122606.5754435	1677122610.6282146	318
1677122613.6312892	1677122625.1252275	319
1677122628.1282957	1677122631.9594111	320
1677122634.9624882	1677122639.284333	321
1677122642.28741	1677122646.845373	322
1677122649.848453	1677122654.0114622	323
1677122657.0145369	1677122665.0829465	324
1677122668.0860155	1677122672.1173933	325
1677122675.1204696	1677122678.83923	326
1677122681.8423102	1677122685.309877	327
1677122688.312959	1677122692.404741	328
1677122695.407814	1677122699.0924866	329
1677122702.095565	1677122706.2504365	330
1677122709.253511	1677122713.0790505	331
1677122716.082122	1677122719.8904297	332
1677122722.8934999	1677122728.5849977	333
1677122731.5880713	1677122736.6177084	334
1677122739.620781	1677122743.4303231	335
1677122746.4333868	1677122750.1811123	336
1677122753.1841838	1677122757.6714363	337
1677122760.6745076	1677122764.685177	338
1677122767.688263	1677122774.4829435	339
1677122777.4860198	1677122781.68649	340
1677122784.68955	1677122789.5786877	341
1677122792.5817583	1677122796.9743755	342
1677122799.977452	1677122819.706749	343
1677122822.709821	1677122827.0318103	344
1677122830.0348785	1677122834.1258018	345
1677122837.12888	1677122845.9719045	346
1677122848.974978	1677122852.7950547	347
1677122855.7981286	1677122859.525458	348
1677122862.5285318	1677122866.1485987	349
1677122869.151668	1677122873.0920901	350
1677122876.092587	1677122879.2820103	351
1677122882.2850857	1677122886.8074331	352
1677122889.8105068	1677122895.2576613	353
1677122898.2607348	1677122902.0783534	354
1677122905.081422	1677122912.1270409	355
1677122915.1301184	1677122918.9734318	356
1677122921.9765022	1677122925.4925487	357
1677122928.4956167	1677122933.9439132	358
1677122936.9469998	1677122942.0508618	359
1677122945.053931	1677122951.8124127	360
1677122954.8154874	1677122958.6875343	361
1677122961.6906042	1677122967.1297638	362
1677122970.1328373	1677122975.499276	363
1677122978.5011744	1677122982.1316206	364
1677122985.134704	1677122989.2866895	365
1677122992.2897637	1677122997.1098158	366
1677123000.1128864	1677123007.7787573	367
1677123010.7798226	1677123014.609573	368
1677123017.6126478	1677123020.9512398	369
1677123023.95431	1677123027.6354353	370
1677123030.6385143	1677123042.2136936	371
1677123045.2167637	1677123059.4086823	372
1677123062.4117627	1677123068.3621566	373
1677123071.3652244	1677123074.9776478	374
1677123077.9807324	1677123082.0769944	375
1677123085.0770924	1677123088.9816132	376
1677123091.9846904	1677123095.6714306	377
1677123098.674519	1677123102.5265307	378
1677123105.5296054	1677123109.0129852	379
1677123112.0160863	1677123116.8226638	380
1677123119.8257349	1677123123.6398659	381
1677123126.6429408	1677123137.552832	382
1677123140.5559018	1677123144.524552	383
1677123147.5252206	1677123166.732008	384
1677123169.7350748	1677123173.6157749	385
1677123176.6188388	1677123180.4773471	386
1677123183.4804149	1677123188.1203594	387
1677123191.1234496	1677123195.7544665	388
1677123198.7575407	1677123203.1583226	389
1677123206.1613932	1677123210.4815114	390
1677123213.4845805	1677123218.9814556	391
1677123221.9845252	1677123226.0035663	392
1677123229.0066454	1677123233.3926752	393
1677123236.395746	1677123240.365407	394
1677123243.3684793	1677123247.7260919	395
1677123250.7286756	1677123262.4562438	396
1677123265.4593132	1677123269.3908606	397
1677123272.393935	1677123275.8806565	398
1677123278.8837483	1677123282.6685252	399
1677123285.671599	1677123289.6871588	400
1677123292.6902287	1677123304.4629993	401
1677123307.4660723	1677123320.3532908	402
1677123323.3563614	1677123335.000983	403
1677123338.004059	1677123349.748103	404
1677123352.7511787	1677123364.0107121	405
1677123367.013786	1677123378.3307707	406
1677123381.333843	1677123392.828866	407
1677123395.8319433	1677123407.3001373	408
1677123410.3032143	1677123421.975966	409
1677123424.9790406	1677123436.3335311	410
1677123439.3366075	1677123451.7028883	411
1677123454.7059567	1677123465.9745693	412
1677123468.9776387	1677123480.502236	413
1677123483.5053077	1677123494.725302	414
1677123497.7283735	1677123509.2284608	415
1677123512.231532	1677123523.7112076	416
1677123526.7142785	1677123538.018778	417
1677123541.0219805	1677123552.460608	418
1677123555.4636736	1677123567.3695586	419
1677123570.372635	1677123581.8596706	420
1677123584.8627489	1677123596.1306534	421
1677123599.133732	1677123606.158828	422
1677123609.1618931	1677123624.9493003	423
1677123627.952375	1677123634.0104284	424
1677123637.0135021	1677123639.757343	425
1677123642.7604115	1677123654.1092176	426
1677123657.1122913	1677123678.87475	427
1677123681.8778436	1677123686.1151562	428
1677123689.1182268	1677123696.8909626	429
1677123699.89403	1677123715.94085	430
1677123718.943934	1677123726.4026227	431
1677123729.4056933	1677123750.8227727	432
1677123753.825843	1677123758.424956	433
1677123761.4280262	1677123772.9321675	434
1677123775.9352322	1677123796.1556716	435
1677123799.158741	1677123803.359173	436
1677123806.3622377	1677123809.145122	437
1677123812.1481807	1677123832.5462427	438
1677123835.5493107	1677123838.3131557	439
1677123841.3162372	1677123852.4659488	440
1677123855.4690151	1677123858.0473564	441
1677123861.050415	1677123864.1720638	442
1677123867.175131	1677123868.216925	443
1677123871.219996	1677123882.5011468	444
1677123885.504228	1677123900.520896	445
1677123903.5239744	1677123908.0974436	446
1677123911.1005168	1677123914.6107516	447
1677123917.6138182	1677123921.5674486	448
1677123924.570513	1677123930.2223012	449
1677123933.22537	1677123940.5510013	450
1677123943.5540686	1677123948.8953066	451
1677123951.8983746	1677123958.29899	452
1677123961.3020654	1677123967.1145034	453
1677123970.1175764	1677123990.4032848	454
1677123993.4063604	1677123998.655243	455
1677124001.6583197	1677124007.2181854	456
1677124010.2212534	1677124015.9082253	457
1677124018.911297	1677124039.264234	458
1677124042.2673066	1677124047.827882	459
1677124050.8309584	1677124069.2323627	460
1677124072.2354305	1677124077.8240068	461
1677124080.8270755	1677124091.0619967	462
1677124094.065068	1677124102.638852	463
1677124105.6419158	1677124112.0511837	464
1677124115.0542483	1677124136.479517	465
1677124139.4825892	1677124161.1241062	466
1677124164.1271737	1677124179.4691033	467
1677124182.4721785	1677124197.73364	468
1677124200.7367365	1677124206.736898	469
1677124209.7399704	1677124215.6006122	470
1677124218.603689	1677124234.0348217	471
1677124237.0378988	1677124242.8401625	472
1677124245.8432455	1677124251.678985	473
1677124254.6820633	1677124260.8756166	474
1677124263.8786836	1677124270.4341123	475
1677124273.4371798	1677124277.4436207	476
1677124280.4466858	1677124291.4022446	477
1677124294.4053142	1677124304.6483555	478
1677124307.6514304	1677124313.12913	479
1677124316.1322038	1677124337.9929395	480
1677124340.9960089	1677124347.4958932	481
1677124350.4989588	1677124357.422864	482
1677124360.4259331	1677124364.7033079	483
1677124367.7063687	1677124371.759272	484
1677124374.762341	1677124385.4505575	485
1677124388.45363	1677124392.3677464	486
1677124395.3708193	1677124406.4739273	487
1677124409.4770005	1677124413.4325743	488
1677124416.435642	1677124427.1840768	489
1677124430.1871412	1677124433.9949455	490
1677124436.998014	1677124443.912126	491
1677124446.9151995	1677124450.8265693	492
1677124453.8296385	1677124457.470294	493
1677124460.4705021	1677124464.864641	494
1677124467.867706	1677124471.297325	495
1677124474.3003993	1677124478.230545	496
1677124481.233618	1677124484.6199193	497
1677124487.622986	1677124489.9760187	498
1677124492.979086	1677124495.6328714	499
1677124498.633219	1677124501.9351292	500
1677124504.9381957	1677124516.3824143	501
1677124519.3854842	1677124530.5318983	502
1677124533.5349581	1677124544.639737	503
1677124547.6412048	1677124568.1710289	504
1677124571.1741018	1677124591.6748502	505
1677124594.6779194	1677124599.7184913	506
1677124602.7215617	1677124607.6782224	507
1677124610.6812828	1677124615.5638638	508
1677124618.5652142	1677124623.427408	509
1677124626.4304829	1677124631.3842702	510
1677124634.3873591	1677124640.6286552	511
1677124643.6317253	1677124648.7047122	512
1677124651.707778	1677124657.1592894	513
1677124660.1623652	1677124667.2107763	514
1677124670.2138464	1677124681.1693823	515
1677124684.172458	1677124691.6940584	516
1677124694.6971304	1677124701.2419655	517
1677124704.245039	1677124712.1291766	518
1677124715.130297	1677124725.581434	519
1677124728.5845096	1677124738.6724975	520
1677124741.6755667	1677124743.384539	521
1677124746.387611	1677124747.5265083	522
1677124750.5295715	1677124751.5570302	523
1677124754.560099	1677124759.6672983	524
1677124762.670365	1677124765.1335742	525
1677124768.1366415	1677124770.812286	526
1677124773.8153515	1677124776.7188206	527
1677124779.7218895	1677124782.4748006	528
1677124785.4778686	1677124787.745844	529
1677124790.7489197	1677124796.544824	530
1677124799.5478983	1677124805.1778967	531
1677124808.1809733	1677124814.1294112	532
1677124817.132473	1677124820.2265735	533
1677124823.2296312	1677124828.9214802	534
1677124831.9245555	1677124837.8085053	535
1677124840.8115883	1677124846.526421	536
1677124849.5294886	1677124854.9747534	537
1677124857.9767165	1677124880.217232	538
1677124883.220305	1677124889.360512	539
1677124892.3635852	1677124897.7247965	540
1677124900.7278657	1677124905.70693	541
1677124908.7099962	1677124913.6019354	542
1677124916.6050081	1677124921.2503788	543
1677124924.253448	1677124927.299721	544
1677124930.302795	1677124932.7390378	545
1677124935.7412126	1677124938.3856952	546
1677124941.388757	1677124945.2352753	547
1677124948.2383392	1677124953.6884024	548
1677124956.6914697	1677124961.762132	549
1677124964.7652025	1677124971.6850092	550
1677124974.6884346	1677124979.3722067	551
1677124982.3727252	1677124990.2155197	552
1677124993.2185903	1677124997.8511565	553
1677125000.8542266	1677125006.0830653	554
1677125009.0861254	1677125013.8928263	555
1677125016.89589	1677125025.820654	556
1677125028.8237262	1677125034.0738168	557
1677125037.0768938	1677125041.8122277	558
1677125044.8152995	1677125060.0935404	559
1677125063.096611	1677125067.6808004	560
1677125070.6838698	1677125081.5695822	561
1677125084.5726595	1677125104.4333851	562
1677125107.436453	1677125111.3110645	563
1677125114.314132	1677125133.4508054	564
1677125136.4538665	1677125142.465159	565
1677125145.4682379	1677125159.522631	566
1677125162.5260406	1677125169.1320024	567
1677125172.1350749	1677125181.5365	568
1677125184.5395677	1677125191.584884	569
1677125194.5879533	1677125201.805952	570
1677125204.8090239	1677125213.780023	571
1677125216.7812202	1677125236.1559196	572
1677125239.158993	1677125243.390486	573
1677125246.3908496	1677125265.8088667	574
1677125268.811932	1677125273.0099978	575
1677125276.0130692	1677125295.8311853	576
1677125298.8342593	1677125307.157551	577
1677125310.1606302	1677125315.1805358	578
1677125318.1836164	1677125329.8661153	579
1677125332.869196	1677125345.786808	580
1677125348.7898788	1677125353.0184453	581
1677125356.0215137	1677125367.5559716	582
1677125370.559038	1677125375.1402519	583
1677125378.1433172	1677125389.372343	584
1677125392.3754072	1677125396.8843427	585
1677125399.8875475	1677125404.491846	586
1677125407.4949095	1677125411.7728138	587
1677125414.7758965	1677125426.7445285	588
1677125429.7475982	1677125434.1908824	589
1677125437.1939495	1677125444.6250818	590
1677125447.6281521	1677125453.6829355	591
1677125456.6859932	1677125460.8062675	592
1677125463.8093328	1677125475.2429192	593
1677125478.2459862	1677125482.6509485	594
1677125485.6540148	1677125496.9309685	595
1677125499.9340312	1677125507.261495	596
1677125510.264572	1677125517.238609	597
1677125520.2416775	1677125525.0221725	598
1677125528.0252426	1677125533.1982644	599
1677125536.2013357	1677125540.8481967	600
1677125543.8512738	1677125549.2335553	601
1677125552.2366288	1677125561.5705318	602
1677125564.5736053	1677125566.5355828	603
1677125569.5386581	1677125571.9244313	604
1677125574.927502	1677125576.4709501	605
1677125579.4740138	1677125581.6421852	606
1677125584.6452603	1677125597.5768194	607
1677125600.5798936	1677125616.6447394	608
1677125619.647814	1677125625.7601037	609
1677125628.7631757	1677125635.049119	610
1677125638.0521977	1677125653.4414423	611
1677125656.4445155	1677125681.1976016	612
1677125684.2006855	1677125691.8751614	613
1677125694.878246	1677125702.5231497	614
1677125705.5262268	1677125711.6489096	615
1677125714.651984	1677125738.719223	616
1677125741.7223063	1677125744.3849967	617
1677125747.3880734	1677125765.8097737	618
1677125768.8128576	1677125771.7963388	619
1677125774.7994077	1677125777.2318563	620
1677125780.2349198	1677125795.631907	621
1677125798.635005	1677125814.340726	622
1677125817.3438253	1677125830.9911187	623
1677125833.9932144	1677125851.4475238	624
1677125854.4492133	1677125856.9809585	625
1677125859.9840267	1677125874.5730712	626
1677125877.5761528	1677125890.409096	627
1677125893.4125047	1677125894.7712996	628
1677125897.7746983	1677125906.1261163	629
1677125909.1292045	1677125917.3333936	630
1677125920.336471	1677125930.6855621	631
1677125933.68864	1677125948.9318755	632
1677125951.93395	1677125957.5221152	633
1677125960.525219	1677125965.2380505	634
1677125968.2411156	1677125982.217816	635
1677125985.2212205	1677125992.3316698	636
1677125995.3347385	1677126003.1673303	637
1677126006.1704023	1677126013.5176098	638
1677126016.5206969	1677126024.104446	639
1677126027.1075165	1677126033.3021235	640
1677126036.3051858	1677126042.275455	641
1677126045.2785285	1677126051.5985947	642
1677126054.6016686	1677126060.4733374	643
1677126063.4764245	1677126069.731275	644
1677126072.7343595	1677126079.5829465	645
1677126082.5860262	1677126089.1101356	646
1677126092.1132143	1677126098.4277866	647
1677126101.4308596	1677126107.6370609	648
1677126110.6401432	1677126116.8881612	649
1677126119.8912396	1677126126.2102568	650
1677126129.2107272	1677126135.5945451	651
1677126138.597613	1677126144.888575	652
1677126147.891649	1677126154.8647275	653
1677126157.8677921	1677126164.288355	654
1677126167.2914362	1677126173.0984817	655
1677126176.1015542	1677126181.2629569	656
1677126184.2660477	1677126189.2580376	657
1677126192.2611105	1677126197.2036567	658
1677126200.2067437	1677126205.5491328	659
1677126208.5522137	1677126213.7580047	660
1677126216.761073	1677126221.6443481	661
1677126224.6474273	1677126229.7628624	662
1677126232.7659576	1677126237.829952	663
1677126240.833024	1677126245.7348065	664
1677126248.73789	1677126255.4072216	665
1677126258.4102967	1677126263.405777	666
1677126266.4088457	1677126272.9905233	667
1677126275.993592	1677126283.8597836	668
1677126286.862853	1677126294.0112708	669
1677126297.0143402	1677126303.7263496	670
1677126306.7294495	1677126312.6640527	671
1677126315.6671257	1677126321.8759587	672
1677126324.8790276	1677126330.7162993	673
1677126333.7193677	1677126339.7863312	674
1677126342.789404	1677126348.4401603	675
1677126351.4432292	1677126357.9144087	676
1677126360.9174848	1677126366.9933662	677
1677126369.9964395	1677126376.428396	678
1677126379.4314773	1677126386.8925753	679
1677126389.8956485	1677126395.9109814	680
1677126398.911729	1677126404.8597171	681
1677126407.8627925	1677126413.942471	682
1677126416.9455469	1677126422.977816	683
1677126425.9808846	1677126431.9279132	684
1677126434.9309912	1677126440.683386	685
1677126443.6864676	1677126449.4786506	686
1677126452.4817164	1677126458.2241316	687
1677126461.2271976	1677126467.253284	688
1677126470.256369	1677126476.001236	689
1677126479.0043387	1677126485.0212197	690
1677126488.0243006	1677126493.7800348	691
1677126496.78311	1677126502.7921717	692
1677126505.7952414	1677126511.4698668	693
1677126514.4729395	1677126520.4412298	694
1677126523.443119	1677126529.1540732	695
1677126532.1571443	1677126537.7986288	696
1677126540.8017101	1677126546.3906167	697
1677126549.3937008	1677126555.2672582	698
1677126558.2703319	1677126564.0764267	699
1677126567.079494	1677126573.2692544	700
1677126576.2723174	1677126582.5610209	701
1677126585.564091	1677126591.5800447	702
1677126594.5809348	1677126600.4864676	703
1677126603.489536	1677126609.373593	704
1677126612.3766794	1677126618.37795	705
1677126621.3810108	1677126627.139081	706
1677126630.1421463	1677126636.5047278	707
1677126639.5078263	1677126645.5475569	708
1677126648.550634	1677126654.286797	709
1677126657.2898595	1677126658.714909	710
1677126661.7179735	1677126663.0324767	711
1677126666.0355396	1677126667.6124835	712
1677126670.61555	1677126672.1060295	713
1677126675.109097	1677126676.6684039	714
1677126679.6714664	1677126680.960499	715
1677126683.963566	1677126685.2620144	716
1677126688.2650757	1677126689.7652817	717
1677126692.7686672	1677126694.1453273	718
1677126697.1483946	1677126698.6825624	719
1677126701.6856272	1677126703.2582712	720
1677126706.2613409	1677126707.5864422	721
1677126710.5895078	1677126712.079946	722
1677126715.0830016	1677126716.3155396	723
1677126719.3186011	1677126720.843633	724
1677126723.8466923	1677126725.0801432	725
1677126728.0832145	1677126729.3101432	726
1677126732.3132124	1677126733.8507514	727
1677126736.8538148	1677126738.1689038	728
1677126741.1719644	1677126742.523903	729
1677126745.5243914	1677126746.8874388	730
1677126749.8904972	1677126751.4728146	731
1677126754.475893	1677126756.0139062	732
1677126759.0169652	1677126760.559575	733
1677126763.5626307	1677126764.8940833	734
1677126767.8971488	1677126769.3535793	735
1677126772.3566442	1677126773.8205261	736
1677126776.8235857	1677126778.1520793	737
1677126781.1551518	1677126782.7686536	738
1677126785.7717063	1677126787.4110389	739
1677126790.414102	1677126791.9049492	740
1677126794.9080143	1677126796.1361754	741
1677126799.1392393	1677126800.5839024	742
1677126803.5873024	1677126805.0578177	743
1677126808.0608814	1677126809.568032	744
1677126812.5710979	1677126814.0313833	745
1677126817.0344408	1677126818.517994	746
1677126821.521056	1677126823.1422253	747
1677126826.1452892	1677126827.4390538	748
1677126830.4421258	1677126831.7369812	749
1677126834.7400472	1677126836.056208	750
1677126839.0592794	1677126840.6178467	751
1677126843.6209042	1677126844.8807225	752
1677126847.8837855	1677126849.2905343	753
1677126852.2935877	1677126853.6880586	754
1677126856.6911206	1677126857.9892876	755
1677126860.9923542	1677126862.4084537	756
1677126865.411517	1677126866.6652544	757
1677126869.668659	1677126871.266834	758
1677126874.2698953	1677126875.6051528	759
1677126878.608229	1677126879.8485894	760
1677126882.8516629	1677126884.2172132	761
1677126887.2202823	1677126888.756751	762
1677126891.7598188	1677126893.2047014	763
1677126896.2077608	1677126897.4790096	764
1677126900.4820695	1677126901.8236604	765
1677126904.8267295	1677126906.3248112	766
1677126909.3278732	1677126910.602087	767
1677126913.6051505	1677126915.1380675	768
1677126918.1411338	1677126919.450477	769
1677126922.4535387	1677126923.8045034	770
1677126926.8075702	1677126928.1421134	771
1677126931.1451764	1677126932.7377439	772
1677126935.740809	1677126937.1398265	773
1677126940.1432292	1677126941.4215832	774
1677126944.42465	1677126945.7835822	775
1677126948.7866607	1677126950.46712	776
1677126953.470187	1677126954.9890654	777
1677126957.992141	1677126959.4928985	778
1677126962.495963	1677126963.778409	779
1677126966.78147	1677126968.3643022	780
1677126971.3673644	1677126972.662987	781
1677126975.6660507	1677126977.1761615	782
1677126980.1792228	1677126981.5331464	783
1677126984.533752	1677126986.034164	784
1677126989.0372174	1677126990.341663	785
1677126993.3447354	1677126994.8450918	786
1677126997.8481536	1677126999.060998	787
1677127002.064049	1677127003.3525429	788
1677127006.3556173	1677127007.615504	789
1677127010.6185637	1677127011.9317906	790
1677127014.9348476	1677127016.3001714	791
1677127019.303236	1677127020.8614638	792
1677127023.8648584	1677127025.4473507	793
1677127028.450416	1677127030.6956778	794
1677127033.6987355	1677127035.238066	795
1677127038.2411437	1677127039.5717263	796
1677127042.5747867	1677127044.0813153	797
1677127047.0843832	1677127048.3238378	798
1677127051.3269095	1677127052.5589666	799
1677127055.56202	1677127057.0989287	800
1677127060.1012166	1677127061.4191225	801
1677127064.4221866	1677127065.7141898	802
1677127068.7172472	1677127070.107209	803
1677127073.110278	1677127074.6955552	804
1677127077.6986184	1677127079.0153358	805
1677127082.0184002	1677127083.3038957	806
1677127086.3069558	1677127087.9612901	807
1677127090.964352	1677127092.4768336	808
1677127095.4798963	1677127097.043387	809
1677127100.0464516	1677127101.5970402	810
1677127104.6001103	1677127106.1984422	811
1677127109.201516	1677127110.7186885	812
1677127113.7217429	1677127115.3490734	813
1677127118.3524895	1677127119.9099917	814
1677127122.9130604	1677127124.1797516	815
1677127127.18281	1677127128.7706642	816
1677127131.7737322	1677127133.3856044	817
1677127136.3886716	1677127138.0127704	818
1677127141.0158353	1677127142.6340826	819
1677127145.6371503	1677127147.2628396	820
1677127150.2658975	1677127151.4828045	821
1677127154.485874	1677127155.763276	822
1677127158.7663348	1677127160.0556443	823
1677127163.058704	1677127164.6635792	824
1677127167.6666408	1677127169.190521	825
1677127172.193579	1677127173.7065864	826
1677127176.7096488	1677127178.0062342	827
1677127181.0092976	1677127182.6067944	828
1677127185.6098568	1677127187.0728393	829
1677127190.075909	1677127191.3493567	830
1677127194.3524184	1677127195.9643865	831
1677127198.967444	1677127200.5038123	832
1677127203.5073085	1677127205.0795114	833
1677127208.082571	1677127209.386183	834
1677127212.3892696	1677127213.6744874	835
1677127216.677556	1677127218.9582942	836
1677127221.9613514	1677127223.2097242	837
1677127226.2131085	1677127227.8100977	838
1677127230.813466	1677127232.1004562	839
1677127235.1035209	1677127236.6888936	840
1677127239.69229	1677127240.895233	841
1677127243.8985195	1677127245.3837504	842
1677127248.3871415	1677127249.9670339	843
1677127252.9704037	1677127254.1973212	844
1677127257.2003791	1677127258.4999487	845
1677127261.5033321	1677127263.089365	846
1677127266.0924256	1677127267.38952	847
1677127270.392891	1677127271.953924	848
1677127274.9569933	1677127276.3244085	849
1677127279.3278003	1677127281.3114254	850
1677127284.3144855	1677127285.5438042	851
1677127288.5471785	1677127289.7691412	852
1677127292.7721975	1677127294.354493	853
1677127297.3575513	1677127298.9298368	854
1677127301.9332237	1677127303.5150905	855
1677127306.5181577	1677127308.0408902	856
1677127311.043951	1677127312.3824387	857
1677127315.3852155	1677127316.93676	858
1677127319.9398167	1677127321.2585697	859
1677127324.2616231	1677127325.5796456	860
1677127328.5830283	1677127329.8873117	861
1677127332.8903668	1677127334.1430905	862
1677127337.1461487	1677127338.7135859	863
1677127341.7169695	1677127343.0466864	864
1677127346.0497556	1677127347.6821465	865
1677127350.6852143	1677127351.915856	866
1677127354.9189236	1677127356.2027237	867
1677127359.2061083	1677127360.7934034	868
1677127363.796472	1677127365.3759823	869
1677127368.379044	1677127369.7507737	870
1677127372.7538302	1677127373.9695356	871
1677127376.9725983	1677127378.32353	872
1677127381.3269076	1677127384.3909726	873
1677127387.3940372	1677127388.9111302	874
1677127391.9141896	1677127393.2809632	875
1677127396.2840216	1677127397.7926223	876
1677127400.7956862	1677127402.0565739	877
1677127405.0599575	1677127406.523995	878
1677127409.5270565	1677127411.0926917	879
1677127414.0957625	1677127415.4341326	880
1677127418.4372036	1677127420.1112926	881
1677127423.1143494	1677127424.4182718	882
1677127427.4213345	1677127428.759138	883
1677127431.7625175	1677127433.02109	884
1677127436.0241623	1677127437.3354754	885
1677127440.3385491	1677127441.6512585	886
1677127444.654332	1677127446.287714	887
1677127449.290775	1677127450.8859851	888
1677127453.8890617	1677127455.4989676	889
1677127458.5023513	1677127460.139178	890
1677127463.1422365	1677127464.7394264	891
1677127467.742482	1677127469.3313909	892
1677127472.3344536	1677127473.6096551	893
1677127476.61272	1677127478.1675305	894
1677127481.1705923	1677127482.5146387	895
1677127485.5177126	1677127486.9787965	896
1677127489.9818597	1677127491.2943583	897
1677127494.2977393	1677127495.8740823	898
1677127498.8771381	1677127500.1320238	899
1677127503.135078	1677127504.718061	900
1677127507.7211244	1677127509.0594633	901
1677127512.0625265	1677127513.60393	902
1677127516.606996	1677127517.9021235	903
1677127520.9052002	1677127522.474393	904
1677127525.4774628	1677127526.8548508	905
1677127529.8582542	1677127531.2055101	906
1677127534.2085795	1677127535.7687886	907
1677127538.771849	1677127540.4101176	908
1677127543.4132025	1677127544.7136157	909
1677127547.7166853	1677127548.9608068	910
1677127551.963873	1677127553.5333297	911
1677127556.5363996	1677127557.7744508	912
1677127560.7775183	1677127562.4174266	913
1677127565.4204953	1677127566.6976566	914
1677127569.701051	1677127571.3287048	915
1677127574.3317678	1677127575.9825025	916
1677127578.9852157	1677127580.3206975	917
1677127583.3237607	1677127584.9212847	918
1677127587.9243643	1677127589.4598374	919
1677127592.4629066	1677127594.035395	920
1677127597.0372195	1677127598.6883147	921
1677127601.6913989	1677127603.0270648	922
1677127606.0301309	1677127607.5225067	923
1677127610.525575	1677127612.0569952	924
1677127615.0604162	1677127616.332649	925
1677127619.3357446	1677127620.9318712	926
1677127623.934947	1677127625.2638118	927
1677127628.2652142	1677127629.8754113	928
1677127632.8784893	1677127634.1720202	929
1677127637.1750941	1677127638.439102	930
1677127641.4421706	1677127642.7092593	931
1677127645.7123332	1677127646.9256752	932
1677127649.9287455	1677127651.198112	933
1677127654.2011857	1677127655.4732893	934
1677127658.4763606	1677127660.0118608	935
1677127663.013208	1677127664.368118	936
1677127667.3705115	1677127668.6815958	937
1677127671.6846628	1677127673.2411842	938
1677127676.2442665	1677127679.1957064	939
1677127682.1987777	1677127683.491048	940
1677127686.4941118	1677127688.115835	941
1677127691.1188924	1677127692.665785	942
1677127695.6688578	1677127697.2296312	943
1677127700.2326918	1677127701.4700077	944
1677127704.4730656	1677127706.0307577	945
1677127709.033818	1677127710.3302395	946
1677127713.3332927	1677127714.8939888	947
1677127717.897053	1677127719.4779992	948
1677127722.4810545	1677127724.0460055	949
1677127727.0493906	1677127728.4206355	950
1677127731.4237032	1677127732.9866297	951
1677127735.989696	1677127737.2723107	952
1677127740.275373	1677127741.8129263	953
1677127744.81599	1677127746.3908095	954
1677127749.393865	1677127750.9999633	955
1677127754.0030215	1677127755.619371	956
1677127758.6224396	1677127760.0620823	957
1677127763.0651588	1677127764.3162606	958
1677127767.31932	1677127768.7893484	959
1677127771.7910206	1677127773.3703153	960
1677127776.3733735	1677127777.9018815	961
1677127780.904946	1677127782.4487011	962
1677127785.4517708	1677127786.7747633	963
1677127789.7778265	1677127791.1133897	964
1677127794.1167984	1677127795.3921726	965
1677127798.3952327	1677127799.769394	966
1677127802.7724519	1677127804.3471627	967
1677127807.3502333	1677127808.6343815	968
1677127811.63744	1677127813.2522728	969
1677127816.2553406	1677127817.8773782	970
1677127820.8804529	1677127822.2081597	971
1677127825.2112145	1677127826.5462234	972
1677127829.549287	1677127830.82737	973
1677127833.830438	1677127835.4030232	974
1677127838.406083	1677127839.6220267	975
1677127842.625083	1677127844.1007307	976
1677127847.1012168	1677127848.4094095	977
1677127851.4124691	1677127854.2681923	978
1677127857.2712498	1677127858.9113276	979
1677127861.914384	1677127863.220048	980
1677127866.2231102	1677127867.6780248	981
1677127870.68142	1677127872.2891045	982
1677127875.2921643	1677127876.5292304	983
1677127879.5322926	1677127881.2189143	984
1677127884.2219713	1677127885.440756	985
1677127888.4438124	1677127889.746975	986
1677127892.7500393	1677127894.308323	987
1677127897.3113863	1677127898.8160727	988
1677127901.8191323	1677127903.0505195	989
1677127906.0535853	1677127907.449576	990
1677127910.4526515	1677127912.8496847	991
1677127915.8527663	1677127917.1281292	992
1677127920.1312003	1677127921.7399545	993
1677127924.7412179	1677127925.9957805	994
1677127928.9988556	1677127930.325438	995
1677127933.3284998	1677127934.5925586	996
1677127937.5956314	1677127939.043793	997
1677127942.0468636	1677127943.3365757	998
1677127946.339641	1677127947.6460214	999
1677127950.649091	1677127951.8704307	1000
1677127954.873827	1677127956.396131	1001
1677127959.399206	1677127960.6599455	1002
1677127963.6630063	1677127964.8796582	1003
1677127967.8827255	1677127970.1774418	1004
1677127973.180509	1677127974.696203	1005
1677127977.6992717	1677127979.3119118	1006
1677127982.31497	1677127983.9295738	1007
1677127986.932637	1677127988.3722332	1008
1677127991.3752987	1677127993.016354	1009
1677127996.0194156	1677127997.404666	1010
1677128000.407751	1677128001.7235856	1011
1677128004.7266526	1677128006.020498	1012
1677128009.023561	1677128010.6630385	1013
1677128013.6661055	1677128014.9012372	1014
1677128017.904307	1677128019.5124857	1015
1677128022.5155504	1677128023.7919424	1016
1677128026.7932134	1677128028.0529454	1017
1677128031.0560114	1677128032.6460419	1018
1677128035.6491039	1677128037.155442	1019
1677128040.15851	1677128041.4953666	1020
1677128044.4987717	1677128045.7845278	1021
1677128048.7875934	1677128050.1337845	1022
1677128053.136841	1677128054.3696277	1023
1677128057.3726919	1677128059.0086646	1024
1677128062.01173	1677128063.3266556	1025
1677128066.3297205	1677128067.8315573	1026
1677128070.8346217	1677128072.1374216	1027
1677128075.1404848	1677128076.4607263	1028
1677128079.4637854	1677128080.701018	1029
1677128083.7040823	1677128085.2450962	1030
1677128088.2481718	1677128089.5248346	1031
1677128092.5278926	1677128093.7950523	1032
1677128096.7972066	1677128098.0356517	1033
1677128101.0387142	1677128102.5157993	1034
1677128105.5172112	1677128106.8234684	1035
1677128109.8252118	1677128111.4166274	1036
1677128114.4172134	1677128115.9415407	1037
1677128118.9445934	1677128120.194486	1038
1677128123.1972163	1677128124.454891	1039
1677128127.4579487	1677128128.673868	1040
1677128131.6769402	1677128133.2276666	1041
1677128136.2310574	1677128137.473204	1042
1677128140.4763463	1677128141.9911802	1043
1677128144.9932122	1677128146.2362058	1044
1677128149.2392716	1677128151.2937286	1045
1677128154.2971146	1677128155.7540278	1046
1677128158.7573926	1677128160.0222623	1047
1677128163.0253265	1677128164.5926318	1048
1677128167.5960195	1677128168.8840313	1049
1677128171.8870893	1677128173.1983669	1050
1677128176.2017615	1677128177.5641167	1051
1677128180.567508	1677128181.9532213	1052
1677128184.9562786	1677128186.3188858	1053
